tipoDocumento,numeroDocumento,nombreCompleto,fechaNacimiento,departamentoNacimiento,ciudadNacimiento,departamentoResidencia,ciudadResidencia,fondoOrigen,prePensionado,institucionPublica,condecoracion,hijosInpec,familiaPolicia,observacionDisciplinaria,numeroSemanas,declaraRenta
CC,1300615920,Marcela González,13061929,43,41,44,25,1,0,1,0,1,1,0,775,1
TI,5548682990,Juan Cartagena,08071933,15,5,16,18,4,0,1,1,1,1,1,152,0
TI,6017613945,Carlos Martínez,19042001,38,94,47,28,3,1,6,0,1,1,1,529,0
CE,2350686286,Miguel Perez,14051950,92,83,71,89,1,0,6,0,1,0,0,799,1
TI,5656680670,Melissa Castaneda,16081940,68,56,11,78,4,0,4,1,1,1,1,997,1
TI,1563993438,Daniela López,06021948,50,73,32,30,4,0,3,1,0,1,0,821,0
CC,4917151464,Marcela Murillo,26042000,63,49,76,27,1,1,4,0,1,0,0,56,0
TI,6694652608,Daniela Rodríguez,09081949,85,6,50,15,4,1,4,0,0,0,0,371,0
CC,4373268236,Melissa Hernández,28051958,79,32,77,55,4,1,2,1,0,1,0,980,0
TI,8672890924,Laura Murillo,08081980,50,45,8,42,2,1,6,1,1,0,1,401,1
CC,1085978893,Melissa Murillo,07081955,65,14,72,17,6,0,5,0,0,0,1,523,0
CC,5467391518,Melissa Cartagena,07021925,60,61,2,45,1,1,2,0,1,0,0,201,1
TI,3208298732,Marcela Martínez,14101962,32,78,81,18,6,0,1,0,1,0,1,813,0
TI,4938927640,Sofía Cartagena,15052007,45,27,43,19,1,1,3,1,0,1,0,635,1
TI,6364610880,David López,04031992,8,44,72,42,4,1,1,0,0,0,1,978,1
CE,2619395346,Carlos Murillo,19121931,37,91,64,53,2,1,6,1,0,1,1,342,0
CE,7236138238,Miguel Hernández,27101958,71,35,67,21,5,0,3,0,0,1,0,112,1
CC,6279433768,Daniela López,11052008,15,95,85,42,4,1,3,1,1,0,0,642,1
TI,1031397645,Marcela Rodríguez,21091933,94,26,77,65,3,1,5,1,1,0,0,895,1
CC,0215183684,Carlos Cartagena,19011955,65,99,79,52,4,0,4,0,1,0,1,47,1
CE,9636500897,Ana Cartagena,27082005,85,31,71,83,5,0,2,0,0,0,0,13,0
CE,5744653766,Juan Hernández,06081928,22,6,41,88,4,1,1,0,1,1,0,614,0
CC,1703613324,Carlos Cartagena,22111929,77,68,32,9,5,0,1,0,0,1,1,215,0
CC,6603563294,Daniela Perez,14011953,76,77,13,33,5,0,1,0,1,0,0,6,1
CC,9512004561,María Rodríguez,05111926,47,29,24,19,4,1,3,1,0,0,0,23,0
TI,8408167049,Juan Murillo,09041961,59,36,93,68,4,1,5,1,1,0,0,475,1
CC,2624088940,Ana García,03121934,57,65,68,84,1,1,4,0,0,1,0,661,1
CE,0778604375,Manuela González,20081987,45,19,6,13,1,1,1,0,0,0,1,860,0
CE,4760988736,Gabriela Cifuentes,07071935,35,20,72,90,2,0,1,0,1,1,0,38,1
TI,6794657384,Juan Cifuentes,24071964,36,16,6,29,5,0,3,0,0,0,0,332,1
TI,3633944150,Carlos Perez,12042020,58,47,78,48,4,1,2,1,1,1,1,994,0
TI,3549751236,Luis Hernández,09041995,37,92,87,67,6,1,6,0,1,0,1,632,0
TI,0196696970,Manuela González,10081935,60,59,83,3,1,0,2,0,0,1,1,474,1
CC,5357931285,Laura Hernández,20011936,59,29,93,75,6,1,2,0,1,1,1,816,0
CC,0545010602,Miguel López,13051947,77,45,86,12,2,0,5,1,0,1,0,832,0
CC,2768590764,Juan Castaneda,04121999,42,23,94,69,1,1,1,0,1,1,1,963,1
CC,5388098963,Marcela Martínez,19061962,20,50,57,15,3,1,1,1,0,1,0,455,1
TI,6355065658,Daniela Cifuentes,21061938,33,18,3,44,6,1,5,0,0,0,0,252,0
CE,1045834363,Gabriela Rodríguez,22121992,41,76,25,79,6,1,6,1,0,0,1,205,1
CC,9091678822,Luis González,26012005,75,8,100,43,5,1,5,1,1,0,0,125,1
CC,2587196294,Juan López,13012013,15,97,60,17,4,0,3,1,0,1,1,634,0
TI,5374604645,Marcela Rodríguez,13021939,52,54,38,95,6,0,1,0,0,0,0,21,0
CC,4200430705,Laura Cifuentes,16101951,74,58,75,56,6,0,3,0,1,1,0,308,1
TI,9307767528,Carlos López,11111933,4,36,34,11,5,1,2,0,0,0,1,904,0
TI,0715544659,Carlos Hernández,15102007,6,7,86,59,4,0,1,1,1,1,1,275,0
CE,5249618481,Ana Cifuentes,24051925,19,95,18,100,5,0,6,1,0,0,1,416,1
CC,4178581556,Laura Cartagena,27042004,34,28,65,98,5,1,1,1,0,1,0,126,0
CC,2958546007,Juan Castaneda,12051994,72,87,94,59,3,1,4,1,1,1,1,351,0
CE,2860483489,María Hurtado,23061991,57,80,100,53,6,0,4,0,0,0,0,828,1
CE,1454370144,Carlos Cifuentes,06021956,41,27,36,90,4,1,5,0,1,0,0,680,0
TI,8999485215,Melissa Hurtado,07121981,25,31,1,13,4,0,2,0,1,0,0,55,1
TI,6366382615,Ana Cifuentes,02011974,12,48,76,29,5,0,5,1,0,1,0,154,1
CC,4820162000,Manuela García,22022009,11,72,21,11,3,1,3,0,1,0,1,375,1
CC,2973007904,Sofía Cifuentes,12121948,37,86,31,27,3,1,1,1,1,1,0,99,0
CC,7690014126,Carlos Hurtado,21061981,96,40,14,48,3,1,1,0,0,0,0,115,0
CE,3457334622,Miguel Hernández,07031960,44,68,36,13,4,0,5,1,0,0,0,369,1
CC,9451281188,Marcela Hernández,19061980,77,92,70,41,3,1,4,0,1,1,0,269,0
CC,7557981514,Carlos Castaneda,18081956,93,22,99,22,5,1,1,0,1,0,1,130,1
CE,9262582702,Ana García,03071949,65,37,87,1,2,1,5,1,0,1,1,617,0
CC,7394296936,Gabriela Castaneda,27091953,73,7,94,100,2,0,4,0,0,1,1,195,0
CE,2259573414,Daniela Rodríguez,15081919,35,47,94,73,5,1,4,1,0,1,1,314,1
CC,0066581174,Manuela González,09101947,62,95,98,91,4,1,4,0,1,0,0,251,1
TI,5310180593,Laura López,05091945,14,16,3,25,4,0,6,1,0,1,1,544,0
TI,7132090074,Manuela Murillo,23121939,81,13,53,60,2,1,5,1,1,0,1,827,1
CE,1156171440,Luis Cartagena,18121933,56,81,34,2,5,0,6,0,1,0,1,5,0
TI,7976093792,Daniela Hurtado,05061926,87,78,21,63,1,0,6,0,1,0,1,325,1
CC,7108562911,Melissa Cartagena,19121958,91,8,95,36,2,0,2,0,1,0,0,509,1
CC,0422571014,Luis Perez,10071997,66,14,90,64,6,0,6,1,1,1,0,62,0
TI,3188609236,Ana González,11021945,88,36,55,7,3,0,3,0,0,0,0,909,0
TI,5446874619,Miguel Martínez,27081990,55,78,17,63,5,0,2,0,0,0,0,944,0
TI,9274152522,Daniela Castaneda,13041943,66,28,96,13,1,1,1,1,0,0,1,190,1
CC,5674050493,Luis Rodríguez,28041933,54,34,41,27,1,0,3,1,0,0,1,764,0
TI,5083837064,Ana García,14031979,24,64,17,4,6,1,3,0,1,1,0,926,0
CE,4144010373,Luis González,26121950,12,11,9,5,1,0,2,1,1,0,0,575,1
CC,3227092549,Ana Hurtado,26091995,83,55,8,21,2,0,5,1,1,1,0,135,1
CC,3085030163,Marcela Hernández,06091980,73,11,83,93,1,0,4,1,0,1,1,392,1
CE,3718331490,Juan Perez,03012004,9,49,61,51,1,0,1,0,0,0,0,34,0
CC,7501661893,Daniela Castaneda,28121930,54,59,48,15,1,1,4,0,0,0,0,299,1
CC,2924947341,Laura Martínez,13051929,41,66,28,91,3,0,3,0,0,1,0,658,0
CC,6790804161,Marcela López,07051924,82,87,7,94,5,0,3,0,1,1,0,925,0
CE,0599094881,Luis Hernández,13071910,61,1,94,36,1,1,1,0,1,0,1,252,1
CE,1544210321,Laura Cartagena,27042003,25,66,56,20,5,0,1,0,0,0,0,541,1
TI,5928998590,Laura Murillo,18091994,44,97,41,48,2,0,4,0,0,0,0,854,1
TI,2043538518,Carlos Cartagena,25031983,83,1,55,31,3,0,5,1,1,0,0,248,0
TI,6538450638,Melissa Rodríguez,05091993,39,28,21,100,2,0,2,0,1,1,1,486,1
CC,1131554720,Sofía González,18081933,94,26,45,16,4,0,3,0,1,1,0,632,0
CC,8778943660,Juan Hurtado,25031961,64,73,68,67,1,1,4,0,1,0,1,606,0
TI,4305194260,Laura Castaneda,07081964,19,17,31,79,5,1,5,0,1,1,1,180,0
CE,3634171134,Gabriela Castaneda,08091944,94,3,99,10,5,0,2,1,0,1,1,532,0
TI,0843907617,Daniela Murillo,23091937,55,5,28,62,4,0,1,0,0,0,1,417,0
TI,7056907722,Sofía López,25071906,20,91,3,70,5,0,6,1,0,0,1,961,1
CC,8340131669,Miguel Hurtado,10011947,91,66,25,71,4,1,6,0,0,1,1,758,1
CC,8677190209,Marcela Rodríguez,20071938,99,100,84,45,2,1,5,1,0,0,1,473,1
CC,1984871722,Juan Rodríguez,14021948,74,56,67,96,4,1,3,0,0,0,0,436,0
CC,7262142689,Manuela López,18121990,72,81,94,9,2,0,1,1,0,1,0,401,0
TI,0607542659,Luis Hurtado,05011973,49,53,44,41,3,1,1,1,1,0,0,174,1
TI,8198484613,Daniela Cartagena,06061966,13,53,14,45,2,1,2,1,0,0,0,766,0
CC,5580434543,María Perez,24071977,20,85,82,88,3,0,5,0,0,1,1,284,1
CE,8859189442,Laura Martínez,10111954,57,35,42,25,4,1,1,0,1,0,1,123,1
CC,0844069154,María Martínez,02091937,85,7,54,26,4,1,6,1,0,1,1,159,1
