tipoDocumento,numeroDocumento,nombreCompleto,fechaNacimiento,departamentoNacimiento,ciudadNacimiento,departamentoResidencia,ciudadResidencia,fondoOrigen,prePensionado,institucionPublica,condecoracion,hijosInpec,familiaPolicia,observacionDisciplinaria,numeroSemanas,declaraRenta
CE,5405332895,Miguel Hernández,22072005,18,13,12,43,6,0,5,0,1,0,1,121,1
TI,4417047821,Sofía López,21101930,88,75,90,29,4,0,5,0,0,0,0,227,1
TI,7830674961,Manuela López,25121995,86,74,84,3,5,1,2,1,1,0,0,178,0
CC,9851470729,Manuela Hernández,18021990,56,96,34,25,1,0,4,0,0,0,0,487,1
CE,5693933015,Marcela Castaneda,05011971,1,47,84,58,1,1,3,0,1,0,0,89,0
CE,1743774005,Melissa Cartagena,16041952,85,24,23,76,1,1,4,0,1,1,1,115,0
CE,4107967824,María González,25021975,96,76,62,57,2,1,1,0,0,0,0,535,1
TI,9056441196,Miguel Cifuentes,26061928,91,11,17,77,5,1,5,0,0,0,1,914,1
TI,0121278499,Melissa Castaneda,24072002,20,77,79,35,4,0,6,1,0,0,1,872,0
CE,9532054016,Luis González,28021946,18,96,72,78,5,0,6,1,0,1,0,627,0
CE,7899493345,Ana Murillo,13101968,6,90,53,40,6,1,1,1,1,1,0,579,0
CC,7841584184,Juan Perez,22112006,35,30,42,88,4,0,5,1,1,0,1,961,1
TI,2807904471,Daniela López,23021935,100,6,86,67,4,0,6,1,0,1,1,594,0
CC,3304087572,Laura Cifuentes,17031979,88,13,14,21,1,0,5,1,0,1,0,645,0
TI,0351272371,Laura Cartagena,09041988,66,38,13,43,5,1,3,1,1,1,1,803,0
CC,5419771455,Laura Hernández,18101985,8,77,8,89,6,1,6,1,0,1,1,257,0
TI,0250061004,Juan Martínez,05081984,37,80,59,95,4,0,4,0,1,0,1,213,1
CE,6003749852,David López,09091982,95,68,78,84,3,0,5,1,0,0,1,729,1
TI,2294841168,Ana López,09091993,46,29,84,79,2,0,4,1,0,0,1,889,1
TI,2611151137,María Cartagena,22031933,33,56,68,5,6,0,6,1,0,1,1,342,0
CC,2438967791,Laura Cartagena,25081956,31,50,17,31,5,0,3,0,0,1,0,236,0
TI,8627667725,Daniela González,04042000,9,80,6,7,6,1,1,0,1,1,1,519,1
CE,2925148862,María López,08011951,89,10,19,34,1,0,6,0,1,1,0,873,0
CE,8306015023,Gabriela Perez,08121999,81,51,42,9,5,1,4,0,0,1,0,636,0
TI,2160775223,Ana Castaneda,05041949,82,14,93,48,3,0,5,1,1,0,1,117,0
TI,5086898044,Laura Perez,20111981,47,44,99,47,2,0,6,1,1,1,0,6,0
CE,3472026737,Gabriela Cartagena,09111961,54,7,36,63,1,0,5,0,0,1,1,986,1
TI,1459814487,Gabriela Rodríguez,24101948,45,50,39,63,2,0,5,0,1,1,1,538,1
CC,6933689824,Juan Murillo,02061963,72,27,88,18,5,0,5,1,1,1,1,946,1
TI,9023246936,Miguel Hurtado,02031981,2,63,21,32,5,1,3,0,1,0,1,726,0
CC,4952908362,Laura Martínez,11041923,41,13,65,15,3,1,3,1,1,1,0,471,0
TI,8679494797,Melissa Rodríguez,15081931,98,92,40,58,2,1,2,0,0,1,1,835,1
CE,6408163978,Juan Murillo,06061994,47,1,47,68,6,0,2,1,0,0,0,427,0
CC,7373095285,Luis González,09041961,22,8,33,76,3,0,1,0,0,1,0,591,0
CC,9073610552,Carlos Cifuentes,03091999,60,72,44,9,5,1,2,1,0,0,1,84,0
CE,3638052425,Manuela González,01122007,59,65,60,48,2,1,1,1,0,1,0,809,1
TI,9247308682,María González,23071944,2,70,35,31,3,0,4,1,0,0,0,913,1
TI,5427067606,Miguel Castaneda,11031998,27,39,48,93,4,0,3,0,1,0,0,5,1
TI,1123506218,Sofía Martínez,21011939,87,64,39,95,6,0,2,1,1,0,0,109,1
CC,3212491093,Carlos Martínez,06041947,75,65,38,95,6,0,3,0,1,0,1,38,1
CC,5629828532,Manuela Cartagena,12071935,19,38,26,17,6,0,4,1,0,0,0,335,0
TI,6329144587,Gabriela Martínez,17061938,34,59,92,11,2,1,6,0,0,1,0,40,0
TI,3625640274,Ana Murillo,23021998,12,31,48,68,4,0,3,0,0,0,0,10,1
CE,1147638471,Miguel Cifuentes,16021995,64,75,65,80,3,0,3,0,1,0,1,664,1
CE,5025706183,Marcela Hurtado,21051994,99,19,54,47,2,1,6,0,1,0,1,330,1
CC,8928059848,Marcela Martínez,19062007,19,89,73,68,5,0,4,0,0,1,0,708,0
CE,4367900856,Carlos González,19122002,81,23,7,11,6,0,2,1,1,1,0,822,1
CE,1569300825,Melissa Cartagena,17091975,3,79,15,73,6,0,2,1,1,1,1,513,0
TI,6066421122,Marcela Martínez,09061938,3,58,17,34,5,1,3,0,0,1,0,673,0
TI,4872908798,Luis Cifuentes,11111965,21,62,55,65,3,1,5,1,0,0,1,554,0
CC,0125974172,Luis Hurtado,01121977,8,5,92,34,4,1,4,0,1,1,1,478,0
TI,7761620260,Manuela Hernández,04121946,80,69,58,62,5,0,6,1,0,0,0,185,0
CC,6367424845,María Cifuentes,16041959,97,66,78,59,5,1,5,1,0,0,0,495,1
CC,5445732835,Laura Perez,05041936,27,94,38,67,2,1,4,1,1,0,0,297,0
CC,2820309437,Marcela Perez,13061937,67,37,24,61,5,0,3,1,0,0,0,310,0
TI,7790308998,Gabriela López,21051930,7,57,26,20,4,0,2,1,1,0,1,808,1
TI,1447222888,David Martínez,08081984,51,51,8,78,3,1,6,0,1,1,0,893,1
TI,6541238661,Carlos López,12091976,81,34,79,83,6,1,1,1,0,0,0,238,0
CE,2982933081,Miguel López,07111925,56,29,31,7,3,1,4,0,0,1,0,414,0
TI,4239811542,Sofía Perez,13101978,30,28,45,29,1,1,6,1,1,0,0,756,1
CE,1422741540,Laura Martínez,15111914,36,12,57,56,6,0,4,1,0,0,0,628,1
TI,6304180571,Gabriela González,22061941,19,99,69,47,3,1,6,1,0,1,1,195,1
CE,2196765315,Daniela Perez,13111990,32,84,76,54,6,0,2,1,1,1,1,658,0
CE,7717756870,Carlos Hurtado,11121937,14,40,37,59,6,0,4,1,0,0,1,771,0
CC,4545770570,Manuela Hurtado,11091983,8,58,89,22,4,0,3,1,1,0,0,646,0
CC,2935558255,Manuela Perez,01021925,86,100,9,9,6,0,1,1,0,0,1,367,1
TI,5696984684,Gabriela Hernández,18031987,83,83,1,55,5,1,4,0,0,1,1,888,0
CC,9498382915,Juan Cifuentes,19091976,36,79,7,80,3,1,4,1,0,1,0,77,0
CC,9485570470,David Cartagena,03101967,31,37,85,66,1,0,5,1,0,1,1,845,0
CC,9166847277,David García,10041935,34,74,79,17,5,0,4,0,0,0,1,866,0
TI,0791293601,Carlos Murillo,04101905,68,42,57,40,1,0,3,0,1,0,0,373,1
CC,0944995910,Marcela Perez,02091986,77,24,41,51,4,0,4,0,0,0,0,954,0
TI,8971889745,Luis Hernández,26052006,26,29,64,49,1,1,2,0,1,0,1,837,0
TI,9071936993,Melissa Rodríguez,04111934,48,36,18,19,3,1,4,0,1,1,0,867,0
CC,4702758240,Manuela García,11101925,72,22,57,46,5,1,1,0,1,1,1,288,0
CE,7956326745,Gabriela Hurtado,11012002,2,60,10,19,3,1,4,1,0,0,1,812,0
CE,0739698002,Luis Hurtado,15021954,43,73,54,95,5,0,2,1,1,0,0,76,1
CC,4351016232,Daniela Cartagena,24091952,31,99,39,12,2,1,2,1,0,0,1,440,1
CE,9346990637,Carlos López,09021975,13,12,27,99,2,0,5,1,1,0,1,439,0
CC,9598445529,Ana García,04121975,93,57,91,89,6,1,4,1,1,0,1,514,1
CC,8114050288,Luis Hurtado,11111991,66,56,64,19,6,0,2,0,1,1,0,9,1
CE,8271098951,Ana Cifuentes,19061944,71,23,90,43,1,0,1,0,0,1,1,218,1
CE,6797456487,Marcela Hurtado,12101937,50,27,42,45,5,1,2,1,1,0,1,166,1
CC,8014745834,Carlos López,11111985,89,62,58,63,5,0,3,0,0,1,0,840,1
CE,0864729592,Juan García,23031943,61,21,31,11,1,0,2,1,0,1,1,321,1
CC,0669978546,Carlos Murillo,28111990,38,91,63,84,1,1,2,0,1,1,0,442,0
CE,3557073593,Ana Cartagena,23122000,60,87,52,2,4,1,3,0,1,0,1,285,0
CE,7851373155,Juan García,20061946,1,31,83,39,4,0,1,1,1,0,0,485,0
TI,6329422368,Sofía Cartagena,26041995,33,37,16,13,3,0,5,1,0,1,0,85,1
CE,8098670641,Gabriela Hernández,27021935,76,58,19,41,4,1,2,0,1,0,0,228,0
CE,6195375179,María Perez,09031948,76,93,65,91,4,0,3,1,0,0,0,850,1
TI,7925960957,María González,25102002,5,63,66,85,6,0,3,0,0,0,1,283,0
CE,2558734438,David González,23041940,59,85,81,16,6,0,5,1,0,0,0,33,0
CE,8954486845,Juan Castaneda,03061957,47,7,47,44,6,0,1,0,0,0,1,63,1
CC,8693050766,Ana González,04021976,68,32,46,80,3,1,4,1,1,1,0,725,1
TI,8286651717,Gabriela Perez,15061989,99,72,8,94,4,0,2,1,1,1,0,421,0
CE,4382622841,Manuela Hurtado,24051963,79,25,75,56,4,0,6,1,1,0,1,895,0
CE,0306048632,David Hurtado,21121996,19,61,60,89,4,1,2,0,0,0,1,839,0
CE,2253926183,Miguel García,05111928,88,61,30,62,1,1,5,0,1,0,0,691,0
TI,6946905448,Daniela Castaneda,28031963,57,83,10,31,2,0,5,1,1,1,0,353,1
